23251368
33251368
43251368
53251368
4723251368
4733251368
4743251368
4753251368
04723251368
04733251368
04743251368
04753251368
554723251368
554733251368
554743251368
554753251368
74461240
84461240
94461240
4774461240
4784461240
4794461240
04774461240
04784461240
04794461240
554774461240
554784461240
554794461240
974461240
984461240
994461240
47974461240
47984461240
47994461240
047974461240
047984461240
047994461240
5547974461240
5547984461240
5547994461240
0003
153
181
190
191
192
193
197
198
199
151
154
10321
10314
1052
1056
10625
10677
8142
03007291247
18054
05007294586
08007294568
0300123
9847412
